271.869995
270.390015
270.5
273.970001
273.570007
269.390015
261.559998
260.329987
265.859985
264.309998
254.690002
257.619995
264.910004
259
255.410004
257.640015
264.279999
255.309998
265.73999
264.899994
273.880005
268.399994
273.75
279.279999
284.01001
278.619995
290.109985
293.540009
290.630005
282.140015
278.73999
283.019989
290.820007
288
294.529999
298.660004
308.910004
306.26001
313.089996
313.019989
312.459991
311.540009
309.76001
302.820007
307.820007
306.179993
302.23999
302.649994
301.470001
296.519989
301.130005
303.040009
303.570007
307.100006
329.51001
325.079987
322.579987
318.359985
315.019989
320.019989
319.079987
305.970001
306.529999
302.549988
305.26001
315.940002
315.459991
309.959991
313.589996
318.609985
316.230011
324.630005
327.790009
327.660004
332.75
328.730011
329.130005
329.149994
326.040009
330.350006
336.579987
333.679993
330.25
332.459991
331.26001
336.769989
336.75
331.079987
336.51001
329.660004
332.290009
339.029999
340.589996
343.179993
341.369995
355.640015
351.890015
347.709991
354.390015
354.700012
352.779999
350.48999
345.649994
350.420013
353.160004
352.089996
347.630005
344.459991
341.160004
336.950012
341.660004
346.230011
351.190002
369.790009
372.459991
367.809998
373.279999
358.320007
356.299988
351.950012
351.23999
358.920013
362.970001
363.51001
361.609985
361.130005
359.959991
362.649994
363.179993
366.559998
358.450012
355.450012
355.119995
359.369995
363.350006
365.51001
368.390015
364.380005
372.630005
380.660004
379.380005
382.049988
375.279999
376.26001
382.179993
377.570007
378
378.690002
376.51001
376.529999
373.920013
373.059998
364.720001
355.700012
357.480011
343.209991
345.959991
352.959991
353.579987
340.649994
339.609985
339.390015
343.01001
326.230011
332.959991
333.640015
329.220001
330.049988
325.450012
323.769989
324.540009
328.529999
324.76001
335.339996
339.98999
340.779999
341.880005
324.609985
328.690002
315.809998
312.220001
316.920013
323.570007
329.980011
328.079987
331.619995
335.850006
341.130005
338.619995
335.369995
327.640015
327.73999
340.890015
347.559998
342.959991
340.769989
338.690002
345.299988
341.01001
337.25
341.059998
333.119995
338.029999
324.459991
310.600006
310.390015
306.839996
317.869995
322.809998
330.559998
329.820007
329.75
334.48999
333.73999
341.660004
334.899994
333.790009
325.450012
334.200012
330.450012
335.23999
346.179993
346.220001
342.940002
344.359985
336.350006
338.540009
336.529999
324.170013
332.459991
331.790009
328.070007
334.369995
333.26001
326.480011
331.899994
318.149994
319.589996
316.559998
303.170013
308.709991
300.149994
294.630005
294.640015
301.709991
313.26001
319
323
237.759995
237.089996
224.910004
220.179993
232